1.000000 0.000000 0.000000 0.000000 0.000000 0.000000 0.000000 0.000000 0.000000
1.040404 0.005014 0.000000 0.000000 0.000000 0.000000 0.000000 0.000000 0.000000
1.080808 0.035227 0.001649 0.000000 0.000000 0.000000 0.000000 0.000000 0.000000
1.121212 0.077240 0.002621 0.000000 0.000000 0.000000 0.000000 0.000000 0.000000
1.161616 0.117528 0.009152 0.001149 0.000000 0.000000 0.000000 0.000000 0.000000
1.202020 0.149743 0.017367 0.001859 0.000000 0.000000 0.000000 0.000000 0.000000
1.242424 0.184385 0.028308 0.004083 0.000000 0.000000 0.000000 0.000000 0.000000
1.282828 0.220357 0.036587 0.006520 0.000000 0.000000 0.000000 0.000000 0.000000
1.323232 0.254453 0.044726 0.008193 0.000000 0.000000 0.000000 0.000000 0.000000
1.363636 0.288424 0.062824 0.010264 0.000000 0.000000 0.000000 0.000000 0.000000
1.404040 0.312128 0.070480 0.015037 0.000000 0.000000 0.000000 0.000000 0.000000
1.444444 0.338441 0.080943 0.020421 0.000000 0.000000 0.000000 0.000000 0.000000
1.484848 0.372238 0.100599 0.027024 0.000000 0.000000 0.000000 0.000000 0.000000
1.525253 0.399765 0.115432 0.029516 0.000000 0.000000 0.000000 0.000000 0.000000
1.565657 0.433144 0.133983 0.031624 0.001202 0.000000 0.000000 0.000000 0.000000
1.606061 0.462482 0.149727 0.037389 0.001941 0.000000 0.000000 0.000000 0.000000
1.646465 0.493742 0.163441 0.047573 0.003108 0.000000 0.000000 0.000000 0.000000
1.686869 0.519798 0.183347 0.055653 0.003815 0.000000 0.000000 0.000000 0.000000
1.727273 0.545487 0.197485 0.066016 0.005258 0.000000 0.001016 0.000000 0.000000
1.767677 0.578160 0.209497 0.075645 0.005916 0.000000 0.001184 0.000000 0.000000
1.808081 0.610591 0.224850 0.093218 0.009215 0.000000 0.001351 0.000000 0.000000
1.848485 0.643130 0.250306 0.108612 0.013018 0.002101 0.001519 0.000000 0.000000
1.888889 0.682284 0.267356 0.116723 0.013733 0.002357 0.001687 0.000000 0.000000
1.929293 0.727938 0.299445 0.132773 0.016381 0.002613 0.001855 0.000000 0.000000
1.969697 0.782905 0.319652 0.147284 0.027655 0.002870 0.002199 0.000000 0.000000
2.010101 0.856779 0.358387 0.167031 0.036861 0.004218 0.003141 0.000000 0.000000
2.050505 0.914005 0.403673 0.191712 0.050775 0.005131 0.003446 0.000000 0.000000
2.090909 0.961533 0.435901 0.216154 0.059459 0.008076 0.003751 0.001023 0.001174
2.131313 0.982805 0.475953 0.231924 0.071284 0.011374 0.005495 0.001854 0.002120
2.171717 0.996437 0.504968 0.248858 0.087008 0.014791 0.007855 0.003281 0.002985
2.212121 1.000000 0.540839 0.270595 0.103142 0.018218 0.011793 0.003977 0.005683
2.252525 1.000000 0.570900 0.302331 0.119019 0.025973 0.014837 0.008558 0.007343
2.292929 1.000000 0.597743 0.336958 0.136234 0.029469 0.021639 0.012961 0.010612
2.333333 1.000000 0.617265 0.358114 0.156368 0.038399 0.023468 0.021787 0.016471
2.373737 1.000000 0.640080 0.381629 0.172673 0.047905 0.034200 0.026552 0.018595
2.414141 1.000000 0.657687 0.405875 0.198806 0.067183 0.045161 0.032724 0.023985
2.454545 1.000000 0.677137 0.425771 0.220635 0.087651 0.059826 0.041627 0.032457
2.494949 1.000000 0.699033 0.458692 0.243058 0.101915 0.069399 0.052412 0.043736
2.535354 1.000000 0.720062 0.493331 0.267345 0.115762 0.085225 0.064876 0.058701
2.575758 1.000000 0.740639 0.524577 0.301542 0.141327 0.101449 0.081029 0.073838
2.616162 1.000000 0.758420 0.552456 0.337372 0.160750 0.120957 0.094386 0.087417
2.656566 1.000000 0.778554 0.571170 0.366722 0.192151 0.140409 0.114034 0.102592
2.696970 1.000000 0.792473 0.598849 0.400246 0.210355 0.170477 0.127591 0.123109
2.737374 1.000000 0.809903 0.619973 0.423592 0.231183 0.201607 0.142495 0.138893
2.777778 1.000000 0.821671 0.639544 0.456142 0.261959 0.219026 0.171116 0.160359
2.818182 1.000000 0.838094 0.659772 0.481259 0.293492 0.240766 0.187643 0.183938
2.858586 1.000000 0.846022 0.673148 0.508427 0.318423 0.268394 0.208121 0.212003
2.898990 1.000000 0.853228 0.692034 0.530801 0.349855 0.292707 0.235799 0.234161
2.939394 1.000000 0.862445 0.718591 0.557848 0.373834 0.322535 0.260460 0.251678
2.979798 1.000000 0.872422 0.739376 0.577442 0.402410 0.340162 0.287851 0.267178
3.020202 1.000000 0.880876 0.753892 0.597631 0.434566 0.366620 0.324427 0.291565
3.060606 1.000000 0.887009 0.770713 0.618429 0.456543 0.388233 0.352418 0.315395
3.101010 1.000000 0.894495 0.781324 0.643300 0.475929 0.409772 0.382246 0.338725
3.141414 1.000000 0.902321 0.797712 0.660660 0.502700 0.444378 0.410305 0.365985
3.181818 1.000000 0.908325 0.817921 0.681716 0.528827 0.466049 0.438421 0.393110
3.222222 1.000000 0.919588 0.838514 0.701119 0.548711 0.488710 0.461572 0.417940
3.262626 1.000000 0.928290 0.850329 0.712799 0.570522 0.514335 0.492540 0.451235
3.303030 1.000000 0.934054 0.856113 0.732699 0.595184 0.539593 0.523826 0.485084
3.343434 1.000000 0.941920 0.866410 0.748963 0.616083 0.556030 0.549269 0.513764
3.383838 1.000000 0.945055 0.878398 0.762308 0.635555 0.576596 0.567924 0.531231
3.424242 1.000000 0.954514 0.893569 0.770866 0.650788 0.596997 0.599318 0.551868
3.464646 1.000000 0.963076 0.901351 0.785016 0.666161 0.620842 0.624019 0.576079
3.505051 1.000000 0.966892 0.910754 0.802405 0.680471 0.636818 0.649782 0.602384
3.545455 1.000000 0.973184 0.919393 0.816660 0.709020 0.661228 0.672834 0.619417
3.585859 1.000000 0.976912 0.920853 0.833841 0.732189 0.683065 0.698178 0.637622
3.626263 1.000000 0.980146 0.928146 0.851109 0.747757 0.702720 0.715388 0.656589
3.666667 1.000000 0.982214 0.933220 0.863795 0.768381 0.722735 0.731733 0.679747
3.707071 1.000000 0.983711 0.936730 0.874408 0.783480 0.737630 0.742111 0.695203
3.747475 1.000000 0.985167 0.941369 0.885907 0.802139 0.751834 0.755697 0.712333
3.787879 1.000000 0.989147 0.949596 0.898345 0.811731 0.761225 0.767753 0.727925
3.828283 1.000000 0.989982 0.955033 0.902175 0.822935 0.783766 0.779469 0.740777
3.868687 1.000000 0.991187 0.959550 0.909150 0.831872 0.797511 0.792287 0.754555
3.909091 1.000000 0.991395 0.961664 0.916086 0.841905 0.817026 0.804218 0.768521
3.949495 1.000000 0.991604 0.964106 0.918449 0.855863 0.822855 0.816330 0.782377
3.989899 1.000000 0.991812 0.964979 0.921585 0.861656 0.833269 0.827138 0.793714
4.030303 1.000000 0.992085 0.969504 0.927136 0.869993 0.838901 0.838252 0.803654
4.070707 1.000000 0.992950 0.970939 0.931969 0.879760 0.845286 0.846615 0.813154
4.111111 1.000000 0.994109 0.972630 0.936293 0.886363 0.854880 0.858358 0.828013
4.151515 1.000000 0.994380 0.974426 0.940835 0.893183 0.870743 0.862772 0.835141
4.191919 1.000000 0.994651 0.981170 0.950201 0.902073 0.880665 0.874921 0.845509
4.232323 1.000000 0.994922 0.982128 0.953485 0.906890 0.891669 0.881217 0.860153
4.272727 1.000000 0.995270 0.985017 0.958046 0.913250 0.896868 0.883901 0.868900
4.313131 1.000000 0.995649 0.988403 0.964192 0.920345 0.902534 0.888873 0.873278
4.353535 1.000000 0.996115 0.989243 0.964938 0.926257 0.907568 0.895795 0.879807
4.393939 1.000000 0.997114 0.989769 0.967157 0.935005 0.915238 0.900055 0.887518
4.434343 1.000000 0.997380 0.991039 0.968327 0.936789 0.917849 0.908245 0.896706
4.474747 1.000000 0.997645 0.992033 0.971685 0.937761 0.924109 0.917314 0.905211
4.515152 1.000000 0.997911 0.992618 0.976943 0.941418 0.927683 0.924191 0.907688
4.555556 1.000000 0.998264 0.993230 0.979168 0.942808 0.932720 0.929570 0.915089
4.595960 1.000000 0.998659 0.993891 0.983040 0.947982 0.935115 0.933553 0.920491
4.636364 1.000000 0.999034 0.995320 0.987177 0.949583 0.942580 0.938409 0.927028
4.676768 1.000000 0.999282 0.997033 0.988056 0.953543 0.947924 0.943297 0.931313
4.717172 1.000000 0.999530 0.997323 0.989251 0.955665 0.952466 0.945557 0.935363
4.757576 1.000000 0.999779 0.997614 0.990243 0.958859 0.958245 0.947540 0.937850
4.797980 1.000000 1.000000 0.997904 0.991516 0.964537 0.960546 0.951231 0.942140
4.838384 1.000000 1.000000 0.998191 0.993125 0.968014 0.963641 0.955274 0.946116
4.878788 1.000000 1.000000 0.998475 0.993678 0.970695 0.967540 0.963785 0.948750
4.919192 1.000000 1.000000 0.998760 0.995152 0.972599 0.970308 0.967169 0.951919
4.959596 1.000000 1.000000 0.999010 0.995855 0.975558 0.972423 0.970282 0.953467
5.000000 1.000000 1.000000 0.999070 0.996135 0.978058 0.973298 0.974083 0.958808
