0.645945
2.136853
4.963364
3.297509
1.683531
1.675326
1.838367
3.943944
3.414360
2.727671
1.154685
3.579836
1.875031
1.279270
1.172262
4.540657
3.962890
3.880491
3.272983
1.735741
1.098892
2.665849
0.445646
3.159091
2.041340
1.557386
1.009338
1.488927
1.159846
2.413995
1.841989
1.837538
2.764486
1.854210
3.578185
3.102537
3.963926
1.079914
2.851811
1.016889
1.472671
0.670463
2.353784
1.286070
5.141588
1.561576
3.040455
1.755009
1.257651
1.778617
3.064880
1.535830
2.367275
5.543013
1.638074
0.949492
1.823844
1.389977
1.175312
5.344285
2.529636
2.289881
5.707299
2.402005
5.509517
1.242130
1.685308
2.499587
1.166580
3.322204
3.225362
0.747745
2.344977
2.175036
1.178683
6.464719
2.242707
2.294113
1.632710
0.849471
7.285732
1.081304
1.567551
1.870911
2.079012
0.933727
1.505642
1.242197
0.513660
8.012108
1.012005
1.318640
2.099093
1.244154
6.105812
4.894643
5.905978
3.802725
2.622709
1.017352
2.068519
2.014603
1.454175
2.959327
1.353416
1.663174
9.929394
1.340570
4.193081
4.222250
1.731060
1.265447
5.000899
0.886850
0.983009
2.161684
1.277060
1.534144
1.267154
0.606918
2.197686
5.726757
3.164426
2.330266
2.885961
1.993614
5.280874
1.217624
3.677276
1.322658
1.041387
0.571575
1.031243
1.231858
2.999382
1.385707
1.582729
3.139602
5.768481
1.828647
1.421634
1.031065
2.118598
2.909513
1.561255
1.206670
4.464893
5.275439
2.166084
1.131136
3.543566
3.684778
1.310891
1.741173
0.880846
1.288844
2.679236
0.766303
0.546305
1.825752
4.573847
3.489264
1.882088
2.625561
1.970705
1.505331
1.976454
2.720801
4.491027
3.517812
1.694037
1.039826
2.557577
2.481976
2.968028
2.765174
1.597559
1.532128
0.991681
0.538473
7.400748
1.475193
3.526959
4.448790
2.896926
1.687973
5.535840
1.860297
3.791139
1.994513
2.273704
3.542886
2.112833
2.594463
2.551720
1.759230
3.815485
1.671354
1.493870
0.863605
3.439261
3.309149
3.285121
3.204221
3.615507
3.290291
1.413918
2.780721
2.277020
2.631076
1.499529
2.597278
0.455233
3.053544
1.716496
1.739179
1.561931
2.033748
1.594510
1.828502
5.231296
3.231150
0.939694
0.929578
3.489283
1.455620
2.309807
3.055583
0.985365
3.332699
2.815106
3.515347
0.659940
1.551178
1.385778
1.258552
2.904549
2.512781
2.004162
1.727095
2.480776
3.673883
1.956849
1.729159
0.720515
0.723429
1.037879
0.865413
1.639968
2.546059
2.499623
2.036993
3.537378
3.694423
2.272128
2.144665
2.486376
3.406869
7.641407
1.645177
1.524576
3.328617
2.034017
1.377818
1.056410
0.871624
3.278038
5.334096
0.959651
2.014291
0.637557
5.903525
2.853640
2.909439
0.992229
1.322059
4.787717
2.332430
1.018319
0.736732
1.174650
2.439587
5.764643
4.996636
3.044112
0.504374
2.584125
2.136886
2.021700
1.513166
1.119250
1.602209
1.406817
0.945046
1.642890
3.925797
4.205374
2.591057
1.417630
1.020820
3.131784
2.289176
2.155663
4.261679
3.317981
2.240319
0.947765
2.143471
2.595114
3.851603
4.093493
0.715140
1.348804
1.859795
4.437862
0.794286
8.835565
2.135628
3.035281
2.292455
0.770584
4.839276
2.086333
1.731855
0.893803
0.940805
0.581457
4.433721
2.079214
0.820354
2.701226
1.526154
1.212585
0.620594
1.196241
3.961427
2.390494
1.829492
1.137941
4.932868
3.717981
1.540015
0.786703
3.659337
1.680824
1.598699
2.368301
2.289106
0.640041
2.869848
0.541949
1.426253
2.340185
1.783443
1.193072
0.338781
2.355696
5.523973
1.453378
3.594387
4.895944
1.149302
3.780181
0.478207
1.680436
4.646919
2.450841
4.839593
1.466241
1.663134
3.445359
0.730182
3.121299
2.296016
0.694894
3.930500
1.303037
13.744901
0.909667
3.429104
1.568510
0.555910
2.639027
1.405109
5.293120
1.763255
1.681347
3.358305
3.216897
2.307348
2.527998
1.691489
1.199760
1.854778
3.115434
1.323771
1.575805
1.512003
8.787749
1.522694
0.812325
2.219998
4.010218
0.814358
0.966570
1.360661
0.855179
1.764958
1.307143
1.774131
1.468603
1.139192
1.162418
3.754516
1.538284
1.636960
0.718640
2.789120
1.349571
1.879796
1.599945
1.467696
1.435948
1.598535
3.780713
1.295483
4.708932
0.745937
0.581941
0.764187
1.979332
1.414247
1.052409
1.630753
2.012037
1.834816
1.576942
1.988352
1.469233
1.346545
2.718449
1.098220
6.524651
2.529099
1.248934
2.317585
1.346547
1.649258
3.184797
2.171219
4.582779
4.386728
0.685995
2.509193
0.895089
0.957953
1.032758
4.729386
2.903135
3.457484
2.981639
1.259258
1.599067
1.763362
6.838437
1.331548
1.896180
3.114974
6.265232
0.676212
5.540856
5.832081
1.027938
2.879129
1.569142
2.487233
2.016765
2.347020
2.775818
0.867304
1.894658
0.642058
0.720082
2.401552
2.346715
0.663868
1.997316
0.995987
1.920384
0.659677
2.581877
2.426371
2.268690
1.865812
1.293776
0.732820
2.686475
2.158937
1.914222
1.080337
4.328734
3.788046
0.884658
1.423662
2.166244
1.778012
2.032112
1.245643
1.453937
0.973534
1.498361
2.371133
2.161451
4.400799
1.409194
1.944218
2.807667
1.228449
1.517768
2.453181
1.434787
0.674562
1.896998
1.540672
1.760859
2.873885
2.517171
2.834750
3.388830
3.083143
1.312254
5.567118
2.718641
4.226423
1.000432
1.136835
2.272244
1.114378
1.962550
3.192719
1.370269
2.188933
1.908425
1.325348
1.319081
2.813132
1.269665
2.126079
1.662029
1.961901
0.968784
1.880511
8.099296
1.170718
2.975380
2.728769
1.364778
1.805030
4.559750
1.546538
8.116876
3.320824
1.567970
0.889552
4.861732
4.607620
2.441872
4.431702
3.569622
1.207594
2.142521
2.119711
3.853031
1.754141
1.487165
1.992676
2.338511
0.850156
2.762371
0.863472
0.492927
4.061698
3.129490
1.666981
0.802782
4.859786
2.673511
1.782721
7.623694
3.634672
1.753621
0.953125
3.769722
2.365531
1.697488
0.863636
0.987352
2.598299
4.316653
1.875903
1.612169
3.431800
2.003877
2.941254
1.218487
1.365828
1.986340
1.150358
1.667504
0.865542
1.563073
1.644976
2.902640
0.872278
3.090897
0.646723
0.631678
2.924529
2.933194
3.466143
1.390808
1.953138
1.521772
5.256858
1.280536
3.578431
3.429845
2.072327
0.534851
1.117816
3.133955
2.390798
0.824470
0.711611
1.353446
3.151741
3.392807
1.040992
0.976075
2.982508
2.609065
2.240926
0.805204
2.559810
2.144045
2.019250
1.507069
3.622127
1.208982
0.931025
2.488533
2.682783
0.984979
3.920173
2.712635
0.461931
1.546086
0.919502
2.623458
1.484861
3.762457
1.423449
1.768796
1.761675
4.358335
1.555834
0.928853
1.331551
3.907444
2.669964
4.576252
1.640723
1.438915
1.350682
3.764797
0.933071
1.046835
2.397324
5.556264
1.321971
3.093198
0.818483
3.311706
1.071274
1.061820
0.655260
2.536276
0.627509
0.888169
1.847266
1.860324
1.486710
1.858217
1.360948
1.515969
1.162879
0.748222
2.511560
4.107948
0.774516
1.494583
0.441919
1.125809
2.739138
4.102729
0.917544
1.992493
6.927940
2.267888
2.608112
1.943439
2.169708
1.042798
4.960810
1.461593
1.826458
1.100286
4.263260
1.863303
2.042263
2.352531
2.109847
0.911740
1.358122
3.146695
2.448431
5.011287
1.935459
3.115742
4.449275
3.511599
8.652605
5.155610
0.478021
1.111270
1.018406
1.758926
1.138519
0.956535
0.634593
3.633727
3.154315
1.449558
1.419482
1.044567
8.165718
1.758238
0.329562
2.681974
1.002933
1.941867
2.385915
2.569251
1.260115
1.326805
2.381293
3.432733
4.123431
5.919495
2.806739
4.717127
2.038785
1.334987
2.015008
1.806834
2.982322
4.648240
4.852753
2.147890
1.328395
2.636609
1.579453
1.278556
1.457821
1.900628
3.721700
1.684621
2.120101
4.040408
0.679883
1.011661
1.873813
3.106196
2.844249
1.026880
2.145394
2.220206
1.443922
2.109046
1.995127
1.525607
1.848536
1.999010
1.709178
2.552404
1.013458
1.326580
2.909287
1.422862
1.333668
2.881320
1.232536
1.935378
3.366011
1.842347
2.548017
1.777763
2.682245
3.289052
1.070908
5.196499
2.641809
1.268491
0.608441
1.366419
3.124129
1.403862
3.896046
1.229456
1.635851
1.949744
0.963186
2.664788
0.956463
1.277984
0.801617
1.311408
2.741510
3.458292
1.206657
1.852856
1.578479
5.478315
1.271405
1.951219
1.615051
1.327906
8.620409
1.382513
1.146191
2.119714
1.098371
1.351117
0.921286
2.541876
0.941586
2.437539
1.313317
3.483309
2.723607
6.231646
0.680062
0.657983
3.623909
1.882799
5.795173
6.256898
0.994480
2.024894
6.476245
1.631386
1.667842
1.457108
2.537203
3.154464
2.954162
7.562560
1.214228
1.076196
2.577032
1.568414
1.346481
1.199265
1.754686
4.125073
0.851843
2.075230
3.427234
0.675555
1.637496
1.866389
2.342073
1.459619
1.511845
1.013647
1.688333
2.056366
3.561718
1.186694
2.838531
1.172708
1.917021
1.924080
0.741116
2.317247
2.043163
6.620503
3.492579
0.515851
1.490455
6.076630
4.626623
2.189150
2.483711
1.588504
2.615522
5.222984
0.598491
0.896216
1.173385
4.521307
4.628082
1.275669
1.616303
1.400071
4.510917
1.441642
1.103420
0.485735
2.767732
2.367119
6.733729
0.909486
2.700127
2.612616
2.290641
2.327569
1.088632
1.319467
2.442779
3.431740
1.026719
1.883689
0.690012
2.783133
1.370598
2.411914
3.301271
0.774118
2.935950
1.001027
0.663999
1.282158
0.743927
1.664027
1.267764
7.964503
0.409996
1.397658
4.226881
0.998297
1.813122
4.993334
0.972297
1.588471
1.531451
2.241369
1.445641
0.936742
3.117508
2.620638
1.891935
2.503761
2.749146
0.848725
0.423273
1.087669
1.449464
1.568368
0.893943
3.326139
2.295378
0.589440
6.128904
2.264411
1.394875
6.162486
3.656412
1.204519
3.289606
3.223480
1.232460
1.088021
1.492435
0.855252
3.341375
3.214156
1.705161
1.980998
2.597832
1.805194
0.994162
1.475515
0.620204
1.854317
2.088572
1.938863
2.038796
2.617823
0.872618
