2.201029
2.461181
1.576046
3.391715
1.639068
2.112008
2.529923
0.446348
1.924213
1.579436
2.799373
4.505536
1.973220
4.628724
2.007812
2.464005
3.357220
0.905916
2.074888
2.227369
1.470841
2.097242
1.122287
1.187655
8.738358
1.588550
1.722198
0.659687
3.375262
2.533413
1.729141
2.788415
6.340815
2.671435
1.135706
1.385797
2.287941
1.433557
1.519799
2.716992
0.875070
2.867479
3.541580
3.264473
4.108139
1.948821
1.883337
4.412886
2.440157
4.663829
1.725503
2.015831
5.651201
1.098546
1.343192
2.280158
2.954078
8.851640
0.903007
3.647846
2.843118
2.381631
1.542544
2.136288
0.773110
1.352966
2.554913
2.028183
1.367052
0.940897
1.221810
5.777643
2.150322
3.766218
1.507612
1.545616
1.692995
5.938504
1.394751
6.272590
2.106596
0.362906
0.718216
2.185426
1.119944
1.040199
3.624671
1.663250
3.437588
3.557495
2.363449
1.714822
4.811742
1.739421
3.042779
1.827083
3.093870
1.085378
2.395136
1.500415
1.064522
3.559830
1.610890
1.645641
0.666764
2.017497
3.136204
0.810590
0.747464
1.541365
3.604508
1.572082
1.962110
1.215941
2.011295
2.218811
1.192331
0.419148
3.454619
2.187004
1.094000
2.943631
1.266357
1.751898
1.063468
1.663222
1.512785
3.365369
2.681508
2.766503
1.542938
1.461437
1.810935
2.095982
2.529171
1.440946
2.990823
0.999819
2.500228
3.113808
1.516304
4.954212
0.870075
1.313577
1.081184
0.561377
2.517669
4.030449
1.393732
1.852212
2.938662
3.952039
2.053891
0.975164
0.348498
1.898867
2.019650
1.160760
1.597692
1.319796
2.265671
1.636548
2.899427
0.944603
0.935095
1.745484
3.251715
0.874751
1.073188
2.013865
1.018489
4.563905
2.150226
2.000365
0.953352
3.014384
2.931131
2.446729
0.794233
3.821107
1.198061
3.076736
2.131518
0.561766
2.542683
2.620362
5.323736
3.979374
3.020220
5.649374
1.892442
1.854408
2.227849
1.636888
0.987913
2.386298
2.524479
4.467917
2.479638
0.915773
1.128388
2.123239
6.238030
6.832075
3.909677
2.091029
2.213377
1.043815
1.000841
0.805267
1.570009
1.401219
1.627407
2.646806
1.397470
1.353230
2.260554
3.441459
5.836347
1.003293
2.662279
2.197642
1.524880
2.003924
4.625348
4.454155
1.937087
6.080067
3.639584
3.050769
1.978105
2.081013
4.573610
1.597303
1.689661
1.647795
1.365677
1.323367
0.897020
1.229101
1.816818
1.441293
3.813346
2.439336
2.638899
3.970858
2.430203
2.310633
2.165643
3.413692
4.540567
2.324330
1.825793
2.747913
1.834339
0.851077
3.969623
3.347504
1.824617
4.756130
1.612349
1.845393
2.088015
1.583483
2.418352
2.045662
2.125645
2.871950
1.327954
0.718121
1.611848
3.384213
2.153528
1.423298
1.308131
2.104258
2.748280
1.312665
2.482271
4.143202
1.526765
1.532578
1.730388
3.234373
1.396773
3.153218
0.722994
3.979770
8.704666
2.101526
2.540859
1.417842
6.260914
3.258913
3.964087
2.590797
2.976287
1.249741
1.722489
1.940609
1.012120
1.878813
2.841793
1.673579
1.603624
3.202287
3.151991
3.536348
2.774695
1.666117
1.497475
2.454653
0.889031
1.779741
3.569674
2.209254
2.223999
1.002825
1.230547
1.104396
2.321140
1.446719
2.359812
5.839635
2.295113
1.276823
1.572522
2.297966
1.606711
1.345269
1.785130
4.279969
2.885582
0.636485
1.422391
1.670881
1.797300
2.470276
3.436613
2.628438
1.491413
2.051497
1.434228
3.184125
2.949734
2.352568
4.959739
0.659600
3.968149
7.655269
0.796166
3.133928
0.961156
1.039218
2.472836
4.153314
1.729756
4.205354
0.698070
1.138251
1.124145
1.945201
2.926861
1.434316
2.739218
1.473577
1.064233
2.023069
2.677612
0.534214
3.119253
3.002439
1.815839
5.783331
1.772316
1.963928
1.866066
1.552959
2.211478
2.555707
4.349409
4.830707
2.531329
2.199926
1.593820
2.689394
1.671258
1.013877
2.103610
1.102259
2.210837
1.707482
2.013435
3.352577
4.833489
1.508163
1.870713
5.618706
2.125444
2.444805
2.710186
1.612430
1.379538
1.203570
5.178547
2.019784
1.907680
0.515430
2.480010
3.525807
0.808355
3.051293
2.548374
1.747477
4.387902
1.350176
3.616489
2.871991
1.698896
2.737033
3.311086
2.107980
1.379875
1.283673
2.473905
1.400707
1.582856
1.734875
1.299303
1.861694
0.709717
1.286094
0.923088
2.232591
2.700407
2.749466
2.078704
2.787189
1.561057
2.883419
2.251911
4.095449
2.242015
1.840283
1.702362
2.209844
1.252766
1.721587
4.122635
1.296877
3.967995
6.054676
0.869368
2.361710
0.779019
3.199853
1.004464
1.891005
1.407280
0.861457
0.658024
1.110352
1.640182
2.521965
0.947931
2.398769
4.050694
0.903671
1.739349
1.220647
3.364458
1.190785
1.773140
4.367531
0.923789
1.175686
1.794962
2.438165
4.137454
4.548367
1.080400
1.092826
4.769093
2.555168
3.372874
1.199665
4.721878
0.843956
1.521209
1.606106
1.794963
1.411496
2.349534
2.775141
0.823509
1.361059
1.847116
5.056853
1.774845
1.107562
3.425404
1.022439
1.042974
1.352466
12.446519
1.329650
3.276337
1.843551
0.948169
2.168102
2.087411
0.938723
3.361028
2.664003
3.621446
1.311642
1.646432
2.602557
3.476007
3.891553
1.944690
2.636924
2.513281
0.781709
2.594631
1.775862
1.243267
1.447529
2.092884
1.715554
1.531837
1.379356
1.273312
2.199876
1.033100
1.611078
2.553766
2.194433
0.523634
3.288753
1.365314
0.436518
2.397738
1.408517
2.965494
1.257140
1.467166
2.559120
1.298524
0.815818
2.316052
0.334096
0.819362
1.295724
2.822829
1.461775
4.887599
4.145203
2.126864
2.430444
3.403028
2.901645
7.903212
2.784614
3.890977
1.216402
3.476932
10.379864
2.653748
0.937589
3.479608
2.138950
2.611644
7.776462
2.721005
1.265321
2.072315
2.249548
8.154623
3.568437
1.425975
3.799873
0.544135
1.670720
1.556338
0.668900
5.699327
3.012966
2.396788
3.534214
1.458285
1.695909
2.634596
0.596865
1.926814
2.972753
3.913198
2.620576
0.949598
0.538556
1.011662
1.150821
2.682629
1.630473
2.857700
1.696801
2.190832
1.579118
4.476141
4.292827
4.149812
3.816430
3.907291
2.008413
0.790717
1.773290
1.980184
1.470538
1.410561
1.380524
3.868437
0.975882
3.383451
2.137282
2.323224
1.864605
3.182683
2.331193
2.483705
2.621284
1.372061
7.635614
1.189539
1.251090
1.470229
1.627720
1.727592
2.209066
1.378927
2.618329
4.732165
3.058368
3.189585
1.866582
1.111145
5.078704
2.402696
2.064641
1.641168
1.639072
4.037648
1.196034
5.761725
3.721809
4.365463
1.598931
4.387498
1.156129
3.346376
7.124117
2.674791
1.723295
2.149909
2.002272
1.673338
0.918799
2.195810
0.403229
2.436543
2.019221
0.831762
3.702551
1.082820
3.231821
3.871999
1.538109
1.497741
3.184965
2.514012
0.918743
0.965913
10.896059
0.798162
3.734825
2.603389
1.289714
1.822502
6.712709
0.904570
2.040055
0.565639
3.602409
1.123731
1.326150
1.401999
1.003921
2.441502
2.688875
2.483006
2.176021
0.826504
9.533922
1.310733
3.150810
1.097752
1.313224
5.329397
3.189157
2.629724
2.347081
2.017452
2.269251
0.989873
0.567298
2.708179
2.281323
2.709717
1.923738
7.383273
1.621427
1.498250
0.646428
2.527803
3.242287
0.812914
2.249005
1.809210
2.059389
3.729578
2.842836
1.193564
0.236175
1.860996
1.142298
2.429701
0.554876
2.370309
2.914066
3.107921
7.587428
1.936682
1.101784
1.642444
1.064660
2.828479
2.223275
2.173119
0.801556
0.631043
1.619059
4.176865
2.214347
1.979696
4.451548
4.736581
2.409376
2.365702
2.656339
1.333668
1.591694
2.317337
1.229254
2.818411
7.638911
1.270248
1.165543
2.773964
2.093805
1.697173
1.489394
2.493042
1.037240
2.485914
1.258235
1.021910
1.965469
1.983369
3.530835
2.906570
1.405459
0.992973
0.551649
3.138992
4.015127
3.227350
1.065531
1.409334
1.562630
0.873998
2.600715
2.352306
2.105565
1.906521
1.160738
1.875039
4.976969
3.357223
3.225728
1.372282
2.720784
4.372333
3.314047
0.809664
1.427039
6.115860
0.759299
2.973089
1.551664
1.300722
1.226447
3.115138
5.697550
2.085561
3.016538
2.789395
0.502206
2.179326
2.688972
1.366644
3.867793
1.380109
3.671322
3.757304
4.134021
2.137570
0.848081
1.847874
2.468471
1.815050
2.252502
1.268393
4.276796
3.886840
1.130959
1.529291
3.289946
2.541512
1.651957
1.551516
1.658931
1.698519
1.038510
2.523619
3.583562
2.528478
3.048952
0.680270
0.760644
1.186963
0.955200
4.972339
4.155510
2.372749
2.347284
1.883698
1.471157
2.684429
0.929334
1.650758
1.003340
5.955936
3.367380
1.600640
1.744044
1.019140
2.116408
1.954120
3.593401
2.556518
2.751732
1.117532
1.996663
1.888300
2.943363
2.266127
1.779986
1.206748
0.785230
0.863799
2.437376
2.542181
2.744005
2.666552
4.443356
0.756099
0.917547
1.360791
2.764372
1.446064
4.202625
0.704467
2.639506
6.848859
2.663418
3.129959
2.943781
5.094293
6.061654
0.783421
5.154755
1.994356
1.498602
0.957786
3.475720
3.504497
1.185257
1.331323
0.874503
4.551226
1.425978
1.399082
0.959086
1.571542
2.352301
0.763100
1.272325
3.423642
1.564224
0.967391
1.070571
1.691108
1.705442
2.224180
0.798513
3.667709
1.240944
2.318742
1.721485
1.735060
2.361946
1.204866
0.865543
1.505877
1.755583
0.762382
2.046368
1.373519
2.708226
1.419179
3.399443
1.971322
1.879960
3.003183
2.383588
2.200013
3.421724
1.879351
0.968182
1.673883
0.618783
2.041744
1.078798
1.508735
3.383326
1.976343
2.624852
0.918445
1.254904
3.520015
2.370955
2.147330
2.871097
1.431628
3.674094
3.318772
1.507921
2.324927
2.233674
2.435069
2.417824
3.404283
2.645932
0.827575
2.940734
5.609612
3.211500
4.262352
1.589001
2.438740
2.972811
4.216980
1.949110
4.501647
2.831751
2.310794
3.175340
2.182498
1.326925
4.211910
1.584855
1.120106
1.690167
3.451383
1.880894
1.440044
2.075588
2.014884
1.638781
2.210779
4.754240
