1.000000 0.000000 0.000000 0.000000 0.000000 0.000000 0.000000 0.000000 0.000000
1.040404 0.000000 0.000000 0.000000 0.000000 0.000000 0.000000 0.000000 0.000000
1.080808 0.000000 0.000000 0.000000 0.000000 0.000000 0.000000 0.000000 0.000000
1.121212 0.000000 0.000000 0.000000 0.000000 0.000000 0.000000 0.000000 0.000000
1.161616 0.003888 0.000000 0.000000 0.000000 0.000000 0.000000 0.000000 0.000000
1.202020 0.006288 0.000000 0.000000 0.000000 0.000000 0.000000 0.000000 0.000000
1.242424 0.014833 0.000000 0.000000 0.000000 0.000000 0.000000 0.000000 0.000000
1.282828 0.028019 0.000000 0.000000 0.000000 0.000000 0.000000 0.000000 0.000000
1.323232 0.040013 0.000000 0.000000 0.000000 0.000000 0.000000 0.000000 0.000000
1.363636 0.053325 0.000000 0.000000 0.000000 0.000000 0.000000 0.000000 0.000000
1.404040 0.074025 0.000000 0.000000 0.000000 0.000000 0.000000 0.000000 0.000000
1.444444 0.101631 0.002108 0.000000 0.000000 0.000000 0.000000 0.000000 0.000000
1.484848 0.128240 0.003924 0.000000 0.000000 0.000000 0.000000 0.000000 0.000000
1.525253 0.157723 0.014202 0.000000 0.000000 0.000000 0.000000 0.000000 0.000000
1.565657 0.183118 0.020027 0.000000 0.000000 0.000000 0.000000 0.000000 0.000000
1.606061 0.220844 0.031004 0.000000 0.000000 0.000000 0.000000 0.000000 0.000000
1.646465 0.256326 0.043166 0.000000 0.000000 0.000000 0.001569 0.000000 0.002413
1.686869 0.300393 0.055252 0.001220 0.000000 0.000000 0.002310 0.001417 0.003660
1.727273 0.342960 0.067442 0.001568 0.001523 0.001247 0.002767 0.002639 0.004365
1.767677 0.393983 0.083687 0.001916 0.002197 0.003055 0.003935 0.004108 0.005005
1.808081 0.424221 0.111907 0.003500 0.002974 0.004984 0.005208 0.005717 0.005870
1.848485 0.454723 0.131622 0.005159 0.007379 0.007024 0.006285 0.007568 0.007585
1.888889 0.489775 0.158630 0.008483 0.013466 0.008834 0.008583 0.009327 0.010899
1.929293 0.538110 0.198393 0.014679 0.015974 0.013783 0.013149 0.012074 0.014562
1.969697 0.576279 0.231055 0.026728 0.021518 0.021190 0.017760 0.020332 0.018832
2.010101 0.608889 0.258395 0.037031 0.031153 0.026366 0.027553 0.027258 0.027821
2.050505 0.637996 0.283333 0.041481 0.042311 0.039518 0.033806 0.038987 0.036683
2.090909 0.671066 0.324324 0.052844 0.055981 0.049865 0.042327 0.046502 0.047897
2.131313 0.703662 0.359204 0.068186 0.074289 0.059069 0.054397 0.058848 0.058731
2.171717 0.724586 0.379352 0.088586 0.088545 0.077675 0.073696 0.067972 0.076366
2.212121 0.743489 0.408276 0.100968 0.104565 0.091739 0.095932 0.083721 0.097463
2.252525 0.763860 0.440620 0.120229 0.117301 0.105829 0.114376 0.102014 0.119317
2.292929 0.784592 0.472209 0.148311 0.138779 0.134563 0.132049 0.129060 0.136830
2.333333 0.798653 0.500420 0.168201 0.167182 0.155963 0.153657 0.147896 0.165889
2.373737 0.815735 0.531973 0.197434 0.191231 0.194775 0.172089 0.166058 0.187601
2.414141 0.836452 0.566518 0.227036 0.222140 0.215126 0.200261 0.193785 0.221163
2.454545 0.851662 0.589669 0.254158 0.250908 0.240970 0.223225 0.216231 0.242737
2.494949 0.865391 0.624325 0.268618 0.273286 0.265189 0.253879 0.239966 0.267977
2.535354 0.876419 0.652369 0.293833 0.297137 0.287244 0.282958 0.258489 0.285775
2.575758 0.893186 0.674847 0.321586 0.325844 0.311400 0.309915 0.287689 0.308840
2.616162 0.904627 0.694360 0.343913 0.353690 0.338876 0.337755 0.310085 0.341462
2.656566 0.921083 0.718822 0.369382 0.390187 0.368358 0.361158 0.342438 0.364147
2.696970 0.927822 0.737201 0.405187 0.422895 0.391299 0.392410 0.366606 0.397902
2.737374 0.933466 0.762010 0.438144 0.449019 0.420892 0.416623 0.408097 0.416822
2.777778 0.939788 0.784039 0.466833 0.467881 0.448951 0.444348 0.430552 0.447634
2.818182 0.945367 0.798742 0.486150 0.492459 0.472923 0.472249 0.451649 0.491558
2.858586 0.951015 0.811823 0.517129 0.517642 0.507069 0.503903 0.480214 0.513205
2.898990 0.955983 0.825458 0.542896 0.539859 0.522220 0.531337 0.508264 0.536621
2.939394 0.960513 0.838723 0.559600 0.573296 0.550214 0.556308 0.531860 0.565553
2.979798 0.965965 0.851980 0.579922 0.595006 0.571824 0.576169 0.559543 0.594901
3.020202 0.971976 0.859731 0.599379 0.619283 0.598428 0.589848 0.592758 0.619221
3.060606 0.976018 0.873420 0.618942 0.643030 0.611530 0.618013 0.618544 0.637899
3.101010 0.980079 0.882278 0.644113 0.668096 0.634106 0.644215 0.641544 0.657079
3.141414 0.981457 0.890929 0.670986 0.694406 0.654974 0.677093 0.658229 0.671896
3.181818 0.982946 0.902527 0.691339 0.718948 0.679511 0.698035 0.682421 0.693596
3.222222 0.988274 0.908855 0.709294 0.736666 0.705088 0.718977 0.702094 0.705455
3.262626 0.991624 0.915963 0.732181 0.753151 0.722657 0.734899 0.730451 0.717467
3.303030 0.993046 0.926459 0.748184 0.769692 0.736197 0.749495 0.747910 0.733809
3.343434 0.994719 0.932407 0.765868 0.781760 0.753188 0.765098 0.763106 0.750292
3.383838 0.997612 0.937995 0.784680 0.801383 0.772044 0.774646 0.782290 0.761491
3.424242 0.998282 0.944038 0.800741 0.816846 0.783735 0.792013 0.794045 0.779909
3.464646 0.998632 0.947352 0.807588 0.826267 0.795762 0.803683 0.804480 0.794979
3.505051 0.998983 0.952601 0.816602 0.837389 0.804514 0.821430 0.820706 0.808990
3.545455 0.999148 0.957958 0.826103 0.843022 0.819900 0.838168 0.830019 0.819341
3.585859 0.999304 0.962267 0.836101 0.855958 0.830271 0.849206 0.839702 0.830669
3.626263 0.999460 0.964295 0.853398 0.861890 0.838934 0.853742 0.850982 0.838804
3.666667 0.999616 0.966383 0.869621 0.871862 0.855912 0.865313 0.865612 0.845298
3.707071 0.999772 0.972025 0.884293 0.884093 0.865348 0.876481 0.878698 0.858575
3.747475 0.999927 0.972581 0.891887 0.889562 0.873997 0.882722 0.886028 0.870485
3.787879 1.000000 0.973593 0.900198 0.901456 0.882520 0.893383 0.891853 0.883326
3.828283 1.000000 0.975683 0.912021 0.907078 0.893130 0.899028 0.897643 0.894767
3.868687 1.000000 0.980327 0.920116 0.912473 0.901908 0.903954 0.909304 0.901525
3.909091 1.000000 0.981922 0.928823 0.919093 0.906223 0.908897 0.914867 0.911324
3.949495 1.000000 0.984634 0.936296 0.928163 0.912507 0.915712 0.920316 0.921113
3.989899 1.000000 0.985855 0.937699 0.932651 0.919354 0.924787 0.924507 0.924885
4.030303 1.000000 0.986311 0.942659 0.936598 0.927942 0.931456 0.926747 0.927963
4.070707 1.000000 0.986657 0.951284 0.940535 0.932540 0.933759 0.930355 0.936216
4.111111 1.000000 0.987036 0.957235 0.945620 0.939091 0.937893 0.933117 0.939486
4.151515 1.000000 0.991071 0.958872 0.949351 0.945024 0.940509 0.938421 0.945128
4.191919 1.000000 0.991533 0.962295 0.952056 0.948117 0.945880 0.942945 0.949685
4.232323 1.000000 0.991994 0.966094 0.954765 0.958027 0.951322 0.952142 0.954143
4.272727 1.000000 0.992388 0.970363 0.962078 0.961424 0.952847 0.957008 0.954767
4.313131 1.000000 0.992781 0.971464 0.963111 0.963827 0.956217 0.963020 0.959210
4.353535 1.000000 0.994016 0.973640 0.966931 0.966057 0.959572 0.968304 0.963027
4.393939 1.000000 0.994303 0.976213 0.971042 0.970613 0.966034 0.969524 0.966946
4.434343 1.000000 0.994590 0.977944 0.974661 0.972594 0.966688 0.971733 0.967960
4.474747 1.000000 0.994877 0.982220 0.977075 0.973809 0.970962 0.974529 0.973044
4.515152 1.000000 0.995807 0.982706 0.979357 0.976242 0.973772 0.979147 0.973532
4.555556 1.000000 0.996162 0.985096 0.980047 0.977517 0.976859 0.982363 0.974206
4.595960 1.000000 0.996350 0.985772 0.981618 0.979445 0.981426 0.983525 0.977297
4.636364 1.000000 0.996538 0.986494 0.986290 0.980960 0.982649 0.986178 0.979443
4.676768 1.000000 0.996725 0.987226 0.987106 0.982380 0.983448 0.986817 0.980150
4.717172 1.000000 0.996913 0.987932 0.987604 0.982875 0.985137 0.987409 0.980949
4.757576 1.000000 0.997135 0.988758 0.989026 0.984468 0.986192 0.987982 0.982367
4.797980 1.000000 0.997385 0.989418 0.989855 0.985218 0.986700 0.989248 0.982905
4.838384 1.000000 0.997636 0.990012 0.992283 0.986085 0.987324 0.990356 0.983534
4.878788 1.000000 0.997886 0.991058 0.994021 0.986564 0.988686 0.991310 0.985023
4.919192 1.000000 0.998065 0.991939 0.994333 0.987076 0.989999 0.992445 0.985611
4.959596 1.000000 0.998184 0.993045 0.994644 0.987931 0.991756 0.993487 0.986192
5.000000 1.000000 0.998302 0.993589 0.994956 0.989917 0.992479 0.994078 0.986758
