1.656728
1.309283
0.707595
0.628880
1.060174
0.933633
1.691600
0.775414
1.355168
0.910326
0.378647
0.845913
3.484672
1.027519
0.459764
0.393710
0.991880
0.166959
0.529917
0.900960
0.811435
1.739435
1.260429
0.920486
2.720172
0.222960
0.516501
0.583614
0.639810
1.407055
0.756144
0.954940
0.370868
1.129445
0.696282
0.163965
1.283806
0.610312
0.321719
0.920256
0.408371
0.159445
0.656729
0.434201
0.274008
1.465442
0.674884
2.716676
0.394488
0.269709
0.599592
1.332078
2.078758
0.829177
1.762301
0.397236
0.519111
1.057462
0.495480
0.527403
0.652640
1.631916
1.005731
0.712008
1.029018
0.572416
1.323129
0.932124
0.465025
0.320138
0.791847
0.743477
0.643708
1.054922
1.844513
0.475427
1.253567
0.761504
0.568645
0.376142
1.235360
0.750926
0.626764
0.915959
1.640858
0.547287
0.836226
1.453921
1.097280
0.988634
0.728644
0.520243
1.095084
1.955365
0.471704
0.262819
1.026703
0.724060
1.176776
0.478145
1.045575
1.344671
0.417191
1.351802
1.966116
1.147353
0.531792
0.514035
1.966364
0.764849
0.443953
1.124988
1.252000
0.610717
0.726119
0.516928
0.375801
0.465267
0.565348
1.000909
0.260779
1.522403
1.217317
1.680376
0.601904
0.620899
2.119388
0.665615
0.543814
0.491948
0.768065
0.706115
1.321338
0.975443
0.460046
0.735729
1.237091
0.645268
1.214992
1.085280
0.207376
0.673148
0.643191
3.504691
0.925045
0.574375
1.965884
0.864425
1.220698
0.870976
0.398521
0.145051
0.347147
0.546175
1.460700
0.358993
0.788018
0.736907
0.755883
0.599354
0.725996
2.592782
0.508155
0.685517
0.732998
1.933062
0.765665
0.453637
1.026666
0.253965
1.270155
1.334419
1.093772
0.545833
0.479128
0.832632
0.911388
0.444995
0.829835
0.995177
0.719166
0.957154
0.934759
0.707433
0.445208
0.723818
0.805734
1.489862
0.980310
0.600222
0.908214
1.770417
0.935617
0.550634
0.912116
0.780842
0.298368
0.372765
0.568352
1.134024
0.537660
3.672666
1.156087
1.386564
0.660637
0.348436
0.709100
0.652754
1.404851
0.761058
0.638248
1.079173
0.858649
0.645787
0.454689
0.569461
0.731585
2.191362
1.681156
1.804644
1.100054
1.007325
0.486226
0.888328
0.486791
2.559769
0.728357
0.452886
0.534109
0.309228
1.927388
0.455926
1.203254
0.809349
0.592424
0.706862
1.215493
0.950204
0.917467
1.420929
0.911423
0.980190
2.259031
0.357681
2.518696
1.386368
2.034563
0.903023
0.629675
1.027409
0.175014
0.561927
0.793428
0.470497
0.759563
0.467244
0.934268
0.316185
1.477333
0.600520
0.446990
1.207117
0.875292
1.052089
2.662480
1.866022
1.535325
0.284205
2.948681
1.394878
0.284979
0.905098
0.524820
0.560701
1.024444
0.593768
2.508063
1.965985
2.767307
1.705347
0.903834
2.336489
0.875749
0.488996
0.596674
1.505781
0.671547
0.841975
1.252502
0.159742
1.086841
1.902920
0.575016
1.563740
1.845795
0.543117
0.533325
0.675807
0.331091
0.888354
0.767510
0.911070
1.755881
1.449661
0.402728
1.375348
0.404190
0.419419
0.471722
0.532175
1.029479
0.390651
1.080203
0.211367
1.566412
0.707044
1.068710
1.036045
0.402386
0.397548
0.234524
0.424805
0.809487
1.586131
1.966376
1.719246
1.684212
1.097000
0.429237
0.698413
0.951164
0.263607
0.266270
1.029474
0.579973
1.455233
0.589544
0.510693
0.467453
0.558739
2.529734
2.238718
0.790995
1.044277
0.782587
1.311456
1.120234
1.221043
0.420666
0.520559
1.309020
1.568768
0.841033
0.861028
1.198613
1.384134
0.691142
1.550387
1.196300
0.617734
0.852892
0.252288
1.509374
1.074137
0.863952
1.373476
1.023308
0.603420
2.039084
0.787561
2.247192
0.887088
0.977788
0.589492
0.265716
0.668444
0.837992
0.845363
0.391767
3.843886
1.150153
0.827396
1.552881
1.059841
1.507008
0.663846
0.463903
0.577559
0.653489
0.369730
1.399350
1.065082
0.647588
0.565298
0.838697
0.620079
0.631313
1.085132
0.389171
1.150275
0.910654
1.349100
0.607569
1.008688
0.633837
0.606752
1.702046
0.881804
1.588796
1.007512
0.772580
0.568435
0.592964
0.529960
1.092660
2.886215
0.583567
4.309226
0.794733
0.280953
2.025533
1.114495
0.312464
0.517928
0.513501
1.090201
1.459849
0.393541
0.583978
0.671433
0.897096
1.487630
0.686621
0.497574
0.942714
1.364255
0.273217
0.379266
0.461847
0.346795
0.302615
2.753903
0.928284
0.949906
1.232712
0.495301
0.572143
0.584870
0.437052
1.821887
1.851783
0.960120
0.797294
0.515616
2.007285
1.467086
0.354551
0.585111
0.801651
0.482141
1.189532
1.816662
1.179017
2.050228
0.731485
1.242694
0.931682
0.351602
1.367425
0.789310
0.288238
1.833214
1.133969
0.535503
1.492160
0.705941
0.481629
0.750304
0.477169
1.091807
0.819055
0.694785
2.425225
0.893691
1.071131
0.736199
0.399123
1.596011
0.933788
0.655666
0.489043
0.471276
1.046322
0.735375
0.718001
0.248594
1.106179
0.410991
0.442200
0.935184
2.734287
0.573449
0.415969
1.208060
0.501796
0.320094
0.626581
0.564386
0.571763
0.780041
1.632989
1.024897
1.450863
1.584104
0.348365
0.794563
1.772592
1.277952
0.551976
0.683503
1.029538
0.975200
0.406344
0.832457
0.844206
0.366943
0.475224
0.865492
0.340189
1.577629
0.645480
0.746064
0.331991
1.985171
0.433980
0.472946
0.584418
0.946382
0.654019
1.009677
0.547486
0.754745
0.768534
1.031853
2.634858
0.822919
1.592209
0.358105
1.711274
0.363921
0.430290
1.553934
0.749823
0.299546
1.348987
1.184972
0.870789
1.611895
1.648926
0.529469
0.576868
1.304361
2.014021
0.558732
0.415648
0.289483
2.763081
0.283057
0.538381
1.966941
1.147603
0.917989
0.890671
0.560667
0.965100
0.827575
0.815506
1.412497
0.130741
0.892069
0.410891
0.694147
0.459502
0.398320
1.145867
0.942321
0.822350
2.326512
0.575283
1.026345
0.437183
0.636015
0.946045
0.686652
0.716191
0.312134
0.444341
0.596174
0.852290
0.281916
1.066239
0.608759
0.587237
0.253840
0.279340
0.410356
0.778243
0.600767
2.717805
1.705036
1.092994
0.794336
1.810618
0.845495
0.232356
0.748755
0.307366
0.640777
0.889903
1.168701
0.589062
0.531856
1.018686
0.986179
0.758116
0.548353
1.170464
1.338723
0.949891
0.659893
0.808306
0.531759
0.413948
0.583587
0.446311
0.660430
0.688566
1.210129
1.026627
2.704281
0.569269
0.480136
0.367829
2.855093
0.493807
0.487551
1.108870
0.541900
0.436923
1.118972
1.042107
2.689247
0.491664
0.517228
0.559673
0.589491
0.236835
0.686104
0.684402
1.263670
0.905614
1.519250
1.681208
0.616880
0.983481
0.475585
0.637071
1.067196
0.372107
0.892203
1.384652
0.851263
0.665252
0.365136
0.757812
2.862257
0.253108
0.473363
1.085002
0.940880
0.259754
0.914386
0.968469
0.418049
0.851970
1.202136
0.140509
1.119249
0.279156
0.892970
0.986136
0.330157
0.463001
1.659265
0.403831
1.325399
3.336568
2.204618
0.947779
1.545506
0.875887
0.559186
1.804728
0.415549
0.800541
1.084822
0.508855
0.645802
0.762435
0.510879
0.471364
0.636712
0.875658
0.573036
0.614739
0.359937
0.697401
0.659262
1.513172
0.648595
0.340109
0.692206
0.409293
0.531543
0.440451
0.625036
0.425591
0.397993
0.947940
1.518562
0.848338
0.954900
0.766795
0.990872
0.943464
0.614831
0.730018
1.412305
0.448705
0.568091
0.891079
0.539152
0.956791
0.985572
1.354520
0.403406
0.382793
0.897740
0.862012
0.857078
1.262864
0.513114
0.692991
0.759683
0.451194
0.340713
1.538693
0.388289
0.496855
1.542551
0.707536
4.304592
0.655773
1.632548
0.846268
0.968999
0.518446
0.988860
0.340267
1.444153
0.678011
0.871099
0.148407
1.021993
1.098061
1.274673
0.844952
1.295807
0.996181
1.838417
0.574803
0.574043
0.830647
0.755896
0.447516
1.499290
1.090267
0.857194
1.418274
1.359375
1.038145
1.020350
0.547850
1.163456
2.003360
0.806196
1.602174
3.023951
0.450704
0.764753
1.372438
0.416302
0.782955
0.862800
0.732314
0.539667
0.138545
0.580494
1.977988
0.451491
0.796815
0.679374
0.603804
0.540587
0.539519
0.754831
0.388076
0.524656
0.890541
1.056135
1.511362
0.369594
1.127718
0.719025
1.081840
1.296659
0.534407
0.338468
0.435383
1.060022
0.219993
1.287980
1.638678
0.498478
1.026994
0.823374
0.789762
0.481955
0.665517
1.555597
0.553159
1.135034
0.933598
1.609144
0.645684
0.625453
0.502504
2.620440
1.543638
1.414156
0.989661
1.807057
0.722722
0.427495
0.522101
0.624247
0.460881
0.889017
0.582193
0.826256
0.360548
1.225303
1.490190
0.479419
0.399365
0.343784
0.891875
0.737434
0.916350
3.978667
0.676205
0.955996
0.299531
0.764825
1.032440
0.944562
1.028896
1.612898
1.178814
1.627175
0.998378
0.980873
0.473607
1.551443
0.482583
0.314999
1.029505
0.679320
1.371955
0.785100
0.129890
0.904062
0.500995
0.561901
0.886146
0.707287
0.647124
1.086265
0.306164
0.853815
0.213349
1.466981
1.297646
0.877400
0.246151
0.232493
0.566445
0.283749
0.656825
0.610303
0.165950
1.465729
0.339216
0.747580
0.383893
0.499073
0.722039
0.594640
0.149659
0.610466
0.442255
1.447125
0.710950
0.644683
0.986743
0.393830
0.534376
1.349035
0.817676
0.819066
1.517317
0.604699
1.938131
1.354416
1.792835
0.388818
1.032529
2.452327
0.985127
0.424110
0.618779
1.270434
0.549870
0.248350
2.389844
1.196187
0.477878
0.728582
2.716562
0.474497
0.686565
0.722695
1.036298
0.979202
0.813879
0.748968
2.092211
1.244304
1.007016
0.493403
1.366832
1.758706
0.722223
1.598579
1.263686
0.570422
0.461340
0.851920
0.482533
1.849342
0.504378
0.671696
0.643222
0.763118
0.535028
0.899735
0.776805
0.442734
1.193003
1.420176
0.696901
0.387449
0.562843
1.061995
1.352915
1.585866
1.120019
1.379228
0.318491
1.147784
0.762575
1.670050
0.622370
0.464726
1.304063
0.281117
1.355095
1.126800
0.888901
0.586243
