1.164426
1.624227
1.104730
2.738007
2.678849
1.281786
0.765045
0.840810
1.508007
0.668341
0.747744
0.457518
0.476555
0.753049
0.608961
0.710536
0.663907
0.433676
0.973992
0.856025
0.867487
0.961788
2.364317
1.226477
2.381843
1.112797
0.934824
0.805826
0.439926
0.899414
1.506760
0.965088
1.202025
0.553447
0.871977
1.444794
1.135510
1.017575
1.581097
0.560224
1.636571
1.460568
1.728996
0.426995
1.585644
1.265841
1.563920
0.713221
0.780412
1.279695
1.504385
2.358695
0.598821
0.486330
1.360951
1.574142
0.840380
0.882908
0.698383
0.492850
0.992868
0.765794
0.818499
1.435137
2.143423
0.625536
1.248294
0.934257
0.567043
0.961191
1.006851
0.404099
1.045560
0.631969
2.340682
0.907728
1.184542
0.868706
0.422239
2.392981
0.588651
1.450575
0.717056
1.153686
0.884411
0.527825
2.521644
1.222025
1.006933
1.206846
0.604225
0.517541
1.111652
1.297530
0.908880
0.850948
0.558985
3.826086
1.010923
0.595029
1.136805
1.425377
0.690194
2.533923
0.785419
1.031554
1.484093
1.967611
1.567845
1.077676
0.906615
1.278334
1.558761
0.849360
1.284213
0.995615
1.153964
1.989149
0.826692
0.593673
0.365957
0.863813
2.182317
0.925509
0.849729
0.989105
1.063386
1.362985
0.929013
1.405719
0.807734
1.307331
1.701023
1.017981
0.528297
1.380345
2.030097
0.236915
0.698527
4.926133
0.332851
1.003709
1.474581
2.853665
0.947319
1.947943
0.548208
2.332012
1.306068
0.876094
0.862777
0.997439
1.030152
0.357635
1.037505
1.605797
1.470018
0.811943
1.485769
0.594147
1.723738
1.418377
0.754810
0.373367
0.956542
1.070921
0.422434
0.913440
0.514595
1.573072
0.754437
0.950394
0.931569
1.095699
0.331200
1.117611
1.037151
1.831004
1.722766
0.726135
1.111509
0.857800
1.059694
1.347256
1.706516
0.437602
3.129068
0.642590
1.345020
1.343594
1.399910
0.786891
1.208375
1.010025
0.712561
3.326767
0.922514
0.373020
0.726336
0.896415
1.472854
0.986559
1.350575
0.821334
1.725804
0.922901
0.576406
1.454811
0.818015
1.216243
0.547016
1.278634
0.288937
3.379875
1.494749
0.566931
1.393019
0.938000
0.726647
1.444585
0.586935
0.607778
1.589154
2.156522
2.812843
2.233769
1.016418
0.933211
1.232198
1.397031
0.400731
1.578061
1.013630
1.377281
1.134024
1.146279
0.518013
1.400347
1.001088
0.872736
1.290131
0.645291
1.171224
0.633516
0.699442
0.618961
0.658084
0.595626
1.162423
1.614575
0.594321
0.484808
0.727071
0.922847
1.253080
0.676117
1.439689
0.735407
0.794330
5.934285
1.432492
0.582025
1.744719
0.806058
1.080285
1.214510
1.544438
0.721154
1.273418
4.533698
1.020091
1.817294
3.797554
1.937186
1.003569
1.221322
0.741158
0.602567
0.740591
1.127512
0.810169
0.712362
0.909958
1.435285
1.723134
0.942627
1.869419
0.989957
0.794616
1.028309
1.270937
1.279674
1.916047
1.671104
1.305572
2.098673
2.028993
0.903324
1.065623
0.824717
1.255863
1.297612
1.153911
0.405391
0.975146
1.483096
0.691676
0.404806
1.212709
0.921228
1.022789
1.066518
1.588570
1.019293
1.156677
0.597151
2.144302
0.769387
1.118980
0.733537
2.523428
0.809651
1.697520
0.549023
0.596101
0.874567
0.435609
0.575924
2.646755
0.630140
1.449506
1.407345
0.662810
1.625703
1.501462
1.338130
0.480041
0.756106
1.067294
1.476062
0.907536
0.720426
2.168431
1.039624
0.685795
1.719765
1.448903
0.752901
1.548530
1.788999
0.702368
0.797290
0.664847
1.588088
0.648753
1.548484
1.269924
1.113077
0.724608
1.669697
0.409630
3.761842
0.606483
2.255834
0.748976
0.943599
0.757172
0.930210
0.715607
1.029786
0.746042
0.256396
1.457988
0.518719
0.925653
0.978259
0.265053
1.495300
0.821622
1.958751
1.402570
1.534092
0.881091
1.230836
2.195203
0.927818
1.389830
0.607425
1.155981
0.495687
1.893249
0.947642
0.987001
0.916262
1.099965
1.675222
0.546603
0.335879
1.108023
1.476523
0.250008
2.064368
0.377501
0.401957
0.959177
0.816324
0.546029
0.936882
1.403159
1.111337
1.203246
1.659965
0.696841
3.438124
0.851860
0.486339
1.231898
1.219683
1.095798
0.571408
0.696202
0.677652
0.945279
1.507284
0.989805
0.960695
1.514226
0.862310
0.638444
0.902054
0.976984
0.635617
0.319021
0.610179
1.189894
0.987263
1.338027
1.185560
2.928149
1.008993
0.760075
1.069273
0.935654
0.510181
0.597615
2.670886
1.138651
0.376006
0.700393
1.135933
0.426471
0.739593
0.683236
2.214211
0.583536
0.595750
0.585129
2.230988
2.492905
2.202165
1.177895
1.103234
0.498703
0.691332
1.394733
0.811424
1.553430
1.666845
0.991065
1.238409
1.347227
0.841889
1.968555
0.736726
1.625237
1.154234
1.492730
0.650707
1.313404
0.701544
1.598253
0.981078
0.839679
0.837363
0.968455
0.687045
1.367698
1.002743
0.643450
0.931610
1.535025
1.471271
1.181940
1.778539
0.832080
1.070968
0.968810
0.916821
6.026231
0.683629
1.362422
1.581584
1.417029
1.012315
0.517862
1.785198
1.528415
0.580138
1.091120
2.059430
1.009259
0.744031
0.591020
0.897757
0.815748
0.678777
0.596038
0.502774
0.814175
1.781819
1.212029
0.660528
0.154145
1.552280
2.671575
2.076104
0.935420
1.121949
0.709398
0.306377
0.582570
1.297765
1.852165
0.337059
1.454920
1.051152
1.071747
1.445406
1.160165
0.828260
1.391821
0.411451
0.455724
2.194154
0.572101
1.352626
0.534561
0.656435
1.068691
1.466455
0.840812
0.486283
0.724192
0.839320
0.620578
0.653506
0.701210
0.743369
1.376730
0.906513
0.282240
2.069921
2.719417
0.962078
2.011394
1.748182
1.769872
0.327629
1.268739
0.682879
0.436585
1.742875
0.660154
0.426524
0.396238
0.755184
1.128728
1.605778
0.777297
2.067115
1.158184
0.697096
0.684707
0.979323
1.193361
0.517946
0.338429
0.680675
0.869513
0.968471
1.349104
1.018522
1.417730
0.867825
1.111420
1.387799
1.491846
1.842130
0.844118
1.290638
1.042388
1.991297
1.468095
2.166489
0.509403
0.687111
0.447529
1.739767
0.970109
1.642739
1.287521
1.444943
1.505008
2.749913
0.781981
0.515923
2.223481
1.320550
1.617020
1.855482
1.036534
1.143022
0.547530
0.937978
1.618310
0.420871
1.569583
1.837326
0.924272
1.332657
0.665930
1.387022
1.218725
2.934070
1.197891
0.849536
0.718593
0.770876
1.667063
2.566037
4.771406
0.982716
1.205884
0.587630
0.626458
0.425520
1.446100
1.025372
0.613984
0.482939
0.644443
0.819648
1.235442
0.500667
0.877637
0.789976
1.232252
1.175798
1.427035
2.077062
1.178740
1.402954
2.142122
0.850882
2.148556
0.654527
1.432797
1.536415
0.634296
1.358546
1.404002
1.688732
1.762066
0.894467
1.438895
1.966343
0.834680
0.533195
1.834207
0.660400
0.920090
0.792085
2.477189
1.670653
0.982003
2.071979
0.109924
0.889449
0.655936
1.369431
0.689422
1.312683
0.971581
1.510299
0.512079
1.605533
0.836866
2.812540
1.252020
0.899686
0.628324
1.997619
0.939584
1.050571
0.849253
0.815294
0.926988
1.470992
1.585746
1.324474
0.654231
0.323656
0.488863
1.082240
1.576141
0.515860
1.050382
0.712406
1.898116
1.631165
2.207045
1.199630
0.979541
1.666577
2.485143
1.167436
1.814611
0.992402
1.802216
0.970157
0.433768
1.633521
1.100157
1.291537
1.072334
0.770413
1.318738
0.694077
2.156120
0.610834
0.630244
0.623046
0.353603
0.746083
0.770608
2.961825
1.978230
1.210130
1.352728
0.180924
1.745997
0.739484
1.629510
0.423460
1.161074
0.784785
1.291657
1.754351
1.832713
2.182598
1.509172
0.436909
1.167513
0.899511
0.598169
1.210447
2.387494
1.456831
1.427815
1.323840
0.830291
0.872032
1.005683
0.434526
0.751050
1.006293
0.326151
0.936688
0.934626
1.033513
1.036059
1.593743
0.490347
1.199668
1.585826
1.147619
1.457348
1.736839
1.958695
0.491146
0.820231
3.319737
0.611127
0.779622
1.328948
0.751790
1.628638
0.427487
2.170410
0.391417
1.488714
0.979588
1.331993
0.831215
0.637858
0.863701
0.525030
0.964096
0.905958
0.534938
0.711741
2.948139
1.120939
1.141464
0.772257
0.417468
0.796657
1.064036
0.972529
1.226763
2.373928
0.941500
1.223760
0.570774
1.685578
0.370147
1.430441
0.731578
0.553900
1.949852
2.236976
4.162891
0.959348
0.984272
1.369810
0.707131
3.420540
1.861466
1.312364
0.572329
0.956500
3.284616
1.037009
1.222594
1.131111
1.367112
1.349007
0.706246
2.085708
0.876441
1.967351
1.909643
0.882302
0.971073
0.826672
1.254212
1.238423
0.543149
1.084009
0.648921
0.378508
3.043469
1.404124
1.280237
0.904554
0.932509
0.820075
1.983652
0.786521
2.900334
1.173837
1.400367
1.205107
0.838255
0.475487
0.698060
2.264436
0.915319
1.482747
0.366334
2.555573
0.721354
0.759516
1.237477
1.457703
1.011321
0.298274
0.727421
1.479447
0.850183
1.605643
0.772851
0.590071
1.886855
2.167594
1.750876
2.057830
0.728364
1.313470
1.145869
0.599775
1.743436
0.738550
1.145501
0.845127
1.169150
0.492140
1.039318
0.782196
0.710793
1.334189
0.942972
0.997815
0.630507
0.762291
1.307219
0.865969
1.657066
1.675997
0.918231
1.066401
1.392173
0.963662
0.784343
1.044200
0.640857
0.669979
0.670132
1.490564
1.521430
0.618466
0.444533
0.865109
0.613292
0.703426
0.550616
0.396351
1.751681
0.684020
0.559396
1.348725
0.791135
1.452346
0.498894
3.689629
0.353437
0.986718
2.156335
0.939581
1.586102
2.961930
0.900020
0.695449
1.123062
0.922837
0.419294
0.389915
0.444245
1.016569
0.855258
0.531531
2.192156
1.237960
1.588418
0.623223
0.952965
1.008055
0.672756
1.717869
1.240515
0.942146
0.562576
1.398066
0.605937
1.210903
0.930914
0.655580
0.569214
0.548266
1.360404
0.810139
0.887248
0.796612
0.890960
0.882945
0.652828
0.626225
0.858869
0.608747
2.096615
1.793560
0.867366
0.522706
0.308768
0.601393
0.491313
0.478021
1.465226
0.540258
1.289801
