0.603633
0.613978
0.621311
0.625748
0.627627
0.631845
0.647977
0.667646
0.687789
0.707801
0.727348
0.746283
0.764567
0.781837
0.797040
0.808934
0.816603
0.819502
0.817365
0.810167
0.798155
0.781984
0.762976
0.743454
0.726397
0.713344
0.703493
0.695546
0.689435
0.690162
0.694870
0.701661
0.709020
0.716171
0.723498
0.732335
0.746653
0.764683
0.786998
0.813823
0.843470
0.873168
0.901895
0.928873
0.952550
0.971450
0.984684
0.992213
0.995303
0.992832
0.984846
0.971817
0.954461
0.933731
0.910640
0.886010
0.860344
0.833843
0.806694
0.779258
0.752072
0.725807
0.701237
0.679215
0.660708
0.647022
0.639263
0.636791
0.638215
0.641883
0.647071
0.653928
0.662943
0.674153
0.687531
0.703017
0.720083
0.737880
0.755554
0.772350
0.787608
0.800736
0.811200
0.818525
0.822310
0.822266
0.818276
0.810471
0.799233
0.785050
0.768426
0.749508
0.727994
0.703653
0.677486
0.649383
0.619625
0.588983
0.558977
0.530781
0.504344
0.480604
0.461177
0.447541
0.440650
0.445506
0.467703
0.496210
0.526184
0.556300
0.585809
0.614110
0.640693
0.665147
0.687226
0.707252
0.725194
0.740772
0.754250
0.766064
0.776765
0.787006
0.798185
0.814489
0.834251
0.856281
0.880259
0.905198
0.929661
0.952167
0.971407
0.986303
0.996022
1.000000
0.997964
0.989989
0.976594
0.958883
0.938520
0.917208
0.896163
0.876464
0.859451
0.846115
0.836096
0.828284
0.821305
0.813521
0.803651
0.791052
0.775568
0.757316
0.736874
0.723464
0.711705
0.699189
0.684390
0.668481
0.651515
0.638700
0.627207
0.616736
0.609005
0.610489
0.627777
0.645970
0.663109
0.678478
0.691589
0.702104
0.709829
0.714708
0.716766
0.716024
0.712433
0.705893
0.696331
0.683764
0.668290
0.650048
0.629499
0.609845
0.591826
0.575576
0.562076
0.552252
0.546959
0.546516
0.550454
0.557963
0.568206
0.580385
0.594387
0.611119
0.627376
0.641612
0.653028
0.661057
0.665347
0.665765
0.662398
0.655549
0.645713
0.633480
0.619382
0.603788
0.586938
0.569045
0.550621
0.536971
0.529685
0.522576
0.516257
0.512193
0.510910
0.512386
0.517111
0.525175
0.535155
0.545176
0.554097
0.564400
0.577104
0.586998
0.595821
0.604507
0.611365
0.616793
0.621664
0.627122
0.633660
0.640915
0.648640
0.657139
0.666674
0.676907
0.687539
0.699656
0.713122
0.727976
0.745481
0.764127
0.782545
0.800160
0.816579
0.831495
0.844711
0.856188
0.866077
0.874722
0.882558
0.889904
0.896776
0.902941
0.908105
0.912051
0.914695
0.916114
0.916619
0.916822
0.917130
0.916922
0.915409
0.912380
0.908094
0.903161
0.898533
0.895504
0.894830
0.896473
0.900296
0.905757
0.911841
0.917440
0.921717
0.924279
0.924880
0.922847
0.917454
0.908870
0.897391
0.882700
0.864986
0.844749
0.822643
0.799543
0.777312
0.758330
0.740928
0.725231
0.712343
0.703175
0.698008
0.696449
0.697810
0.701509
0.707151
0.714305
0.722396
0.730818
0.738981
0.746514
0.753247
0.758920
0.763238
0.765954
0.766919
0.766113
0.763638
0.759535
0.753561
0.745279
0.734571
0.723663
0.711233
0.697112
0.682864
0.670527
0.660493
0.651454
0.642469
0.633200
0.623781
0.615041
0.607636
0.600456
0.592259
0.582413
0.570610
0.556721
0.540768
0.522938
0.503608
0.483370
0.462985
0.443363
0.425897
0.412670
0.404348
0.399202
0.395972
0.394187
0.393891
0.395862
0.401274
0.409311
0.418239
0.427739
0.438084
0.448611
0.458788
0.468307
0.477719
0.488067
0.500078
0.515235
0.534803
0.555233
0.574014
0.590267
