   1.0000000e-02   1.3243557e-02
   2.0000000e-02   3.0019007e-02
   3.0000000e-02   7.3292027e-02
   4.0000000e-02   1.1380702e-01
   5.0000000e-02   1.4872207e-01
   6.0000000e-02   1.7637816e-01
   7.0000000e-02   1.9599275e-01
   8.0000000e-02   2.0747573e-01
   9.0000000e-02   2.1006419e-01
   1.0000000e-01   2.0301021e-01
   1.1000000e-01   1.8656051e-01
   1.2000000e-01   1.6238548e-01
   1.3000000e-01   1.3109833e-01
   1.4000000e-01   9.4295514e-02
   1.5000000e-01   5.3465800e-02
   1.6000000e-01   1.0290534e-02
   1.7000000e-01   3.3365566e-02
   1.8000000e-01   7.5617760e-02
   1.9000000e-01   1.1469216e-01
   2.0000000e-01   1.4884097e-01
   2.1000000e-01   1.7645463e-01
   2.2000000e-01   1.9624725e-01
   2.3000000e-01   2.0734656e-01
   2.4000000e-01   2.0928073e-01
   2.5000000e-01   2.0197526e-01
   2.6000000e-01   1.8576974e-01
   2.7000000e-01   1.6139815e-01
   2.8000000e-01   1.3015143e-01
   2.9000000e-01   9.2846024e-02
   3.0000000e-01   6.4504555e-03
